# oST version 5.0 parameters


[image]

width
640

height
480

[narrow_stereo/left]

camera matrix
1035.016747 0.000000 319.007476
0.000000 1034.924702 241.264119
0.000000 0.000000 1.000000

distortion
-0.002759 0.049776 0.000464 -0.000300 0.000000

rectification
0.998341 0.024097 -0.052294
-0.024088 0.999710 0.000793
0.052298 0.000468 0.998631

projection
1087.412815 0.000000 378.316341 0.000000
0.000000 1087.412815 240.325647 0.000000
0.000000 0.000000 1.000000 0.000000

# oST version 5.0 parameters


[image]

width
640

height
480

[narrow_stereo/right]

camera matrix
1034.821731 0.000000 318.667867
0.000000 1034.810117 240.651774
0.000000 0.000000 1.000000

distortion
-0.001991 0.052397 0.000300 -0.000362 0.000000

rectification
0.998314 0.024407 -0.052671
-0.024416 0.999702 0.000481
0.052667 0.000806 0.998612

projection
1087.412815 0.000000 378.316341 10.877039
0.000000 1087.412815 240.325647 0.000000
0.000000 0.000000 1.000000 0.000000

