image_width: 640
image_height: 480
camera_name: davinci/left_camera
camera_matrix:
  rows: 3
  cols: 3
  data: [1035.019991256691, 0, 318.9746213497681, 0, 1034.927698801954, 241.2649328171963, 0, 0, 1]
distortion_model: plumb_bob
distortion_coefficients:
  rows: 1
  cols: 5
  data: [-0.002787982106053766, 0.04981340045819941, 0.0004622887083525368, -0.0003134040481414464, 0]
rectification_matrix:
  rows: 3
  cols: 3
  data: [0.9983836377164371, 0.0240614694249339, -0.05148939336607952, -0.02405368027016826, 0.9997103710488631, 0.0007710271103911493, 0.05149303259232672, 0.0004687285540822688, 0.9986732438029909]
projection_matrix:
  rows: 3
  cols: 4
  data: [1087.122905104425, 0, 377.3628578186035, 0, 0, 1087.122905104425, 240.3515625, 0, 0, 0, 1, 0]
