image_width: 640
image_height: 480
camera_name: davinci/right_camera
camera_matrix:
  rows: 3
  cols: 3
  data: [1034.840742813414, 0, 318.6674990523654, 0, 1034.827430369306, 240.6763449478216, 0, 0, 1]
distortion_model: plumb_bob
distortion_coefficients:
  rows: 1
  cols: 5
  data: [-0.001936118675167075, 0.05188124801738857, 0.0003020793672242676, -0.0003631214337679722, 0]
rectification_matrix:
  rows: 3
  cols: 3
  data: [0.9983582431336485, 0.02437389476256375, -0.05183369195029577, -0.02438173549554558, 0.9997026055154413, 0.0004811443266638252, 0.05183000425737918, 0.0007834409622278607, 0.9986556147536241]
projection_matrix:
  rows: 3
  cols: 4
  data: [1087.122905104425, 0, 377.3628578186035, 10.87369585978336, 0, 1087.122905104425, 240.3515625, 0, 0, 0, 1, 0]
